1.200000000000000000e+01
3.200000000000000000e+01
3.400000000000000000e+01
4.000000000000000000e+01
4.300000000000000000e+01
4.800000000000000000e+01
5.400000000000000000e+01
5.600000000000000000e+01
7.000000000000000000e+01
7.100000000000000000e+01
7.200000000000000000e+01
7.600000000000000000e+01
7.900000000000000000e+01
8.000000000000000000e+01
9.200000000000000000e+01
1.100000000000000000e+02
1.150000000000000000e+02
1.210000000000000000e+02
1.250000000000000000e+02
1.340000000000000000e+02
1.350000000000000000e+02
1.360000000000000000e+02
1.430000000000000000e+02
1.450000000000000000e+02
1.480000000000000000e+02
1.580000000000000000e+02
1.640000000000000000e+02
1.710000000000000000e+02
1.740000000000000000e+02
1.780000000000000000e+02
1.800000000000000000e+02
1.820000000000000000e+02
1.840000000000000000e+02
1.850000000000000000e+02
1.890000000000000000e+02
2.100000000000000000e+02
2.120000000000000000e+02
2.130000000000000000e+02
2.150000000000000000e+02
2.180000000000000000e+02
2.380000000000000000e+02
2.410000000000000000e+02
2.430000000000000000e+02
2.440000000000000000e+02
2.450000000000000000e+02
2.460000000000000000e+02
2.470000000000000000e+02
2.490000000000000000e+02
2.510000000000000000e+02
2.530000000000000000e+02
